2088962882436575469
2088597790855467337
2088555498799083954
2088407215887761544
2088252008910508521
2088039188084166972
2087884696214716531
2087839480967528914
2086392385274286496
2086299114871067038
2086074778709098631
2086014892109336805
2085711575504355819
2085646882525852096
2085563543458566154
2085521921777815846
2084996765892354482
2084836862582280420
2084251335931928751
2084221792777023721
2083883717614063709
2083521597676380353
2083521403849167192
2083145885958189156
2082781799235858632
2082097589122674738
2082083773727015141
2081757260154548725
2081517376189981153
2081212376628818084
2081180349657464840
2080961857532338394
2080628127919919118
2080599970726719897
2080284668948349357
2079909934486167989
2079877278943912140
2079875262645518501
2079531448441438419
2079191769141658025
2079156095785025832
2079142205500088700
2078856942597074944
2078470412602950061
2078040766635729401
2078040101771530689
2078015176985731341
2077725675184939054
2077241037022707856
2077236643858383276
2077020922364805521
2076682150234206665
2076671339004620971
2076636267635429621
2076430025717661875
2076268683383751055
2076263487186325635
2076157882488455278
2075914204977205412
2075881701293821983
2075725586786595281
2075716190568378531
2075189604249166303
2074773168666087489
2074084324094423446
2073919520109101130
2073705030927229260
2073344424793567413
2073241685036093841
2073017251545129431
2072695104369017267
2072680163029237781
2072638365800026269
2072319052933128491
2072317028338397430
2071575022003470391
2071569100887773568
2071563040793694490
2071378824676229126
2071257793206579230
2071248049926496375
2071247267781070902
2071201708789694845
2071165016456221095
2071140113753792818
2071004653181964394
2070816471026897274
2070786516712878538
2070780146253254890
2070736210189017414
2070734865868489162
2070732663187743007
2070732008213696755
2070722390456496463
2070698998101574073
2070661352704938231
2070528492752838724
2070473158835249250
2070099603891085510
2070082430384685493
2070072374004007211
2069943217764847867
2069625830377128084
2069350800426475940
2069309577481568530
2069032127610638603
2069013922615796142
2068808210497343736
2068703516311601516
2068696916611964987
2068666460910883221
2068449260509770026
2068284143310626858
2067804125321134153
2067217861177983460
2067186600367497284
2067172692181295136
2066878648053875089
2066536427291296073
2066472382647410810
2066442365003530658
2066168829194150152
2066093455613591865
2065747612477931875
2065403844545401073
2065363522775892041
2065269774012338397
2065088877896085803
2064652679356514308
2064641575389643163
2063749442818453709
2063570569937956991
2063567860363096324
2063207759794036908
2063058837201137963
2063039903718580600
2062852625813627346
2062812566557188598
2061987147872346406
2061799401862082652
2061406596325048335
2061236050455101924
2061094770248966608
2061093175817801833
2061090336668254666
2061030556327194628
2060608595180519684
2060353886968512691
2060350918626075102
2059996550714286481
2059939211550339266
2059253064222351852
2059236734668571125
2059234418368413946
2058551248400617664
2058538756706349057
2058501727448641911
2058172122288337256
2057420281065677184
2057041288978112557
2057040970349515037
2056329588004057496
2055963967487349165
2055918487948947866
2055268829186687385
2055215856779776216
2053615426756890959
2053287719602901433
2053272415787172019
2053065779088867531
2052948763241742627
2052713452632940826
2052640127114178824
2052322473241407711
2052289191334342936
2052285456252121219
2051959877510234511
2051862756203368905
2051818949856350501
2051633525917630964
2051629769436045496
2051500884014866579
2051194340261949640
2051139800422592588
2051079406668652949
2050926954367590543
2050509526806495451
2050184849001230817
2050156781498941891
2049443558558781579
2049425888421544046
2048737331801432216
2048416142981771532
2048383698001973729
2048347983809495388
2048199158314696727
2048192860735013058
2047593408475365423
2046910835256328612
2046759941470663117
2046511263451361305
2045868265206071728
2045858636325663085
2045820972905935163
2045464463675941004
2045304165925376231
2043689103632613761
2043472778322727180
2043335767188197756
2043334300092060159
2043261236440420547
2043176686406263157
2042580855466659998
2042517382984536216
2042378729054486794
2040935788268126482
2040808962589897018
2040800813640265966
2040782154825945266
2040736567929786553
2040718703898288509
2039987084359020840
2039840210868183468
2039679726210728173
2039592175386943502
2039302195599061160
2039187133215457766
2039171066258747687
2038958004792619354
2038789284367622522
2038479011089920360
2038240309176602653
2038226778410684481
2038193767002591384
2038060746383478875
2037823812335808640
2037736879710478449
2037677463938212017
2037675158362894676
2037442571195109501
2037329635214774726
2037199040539222111
2037061782561525875
2037003182304604170
2036629225223172106
2035542072783147100
2035193701560197519
2034887837074825472
2034801533095985615
2034535011291127864
2034250096267919451
2033649689485316438
2033512738220311006
2033344744273969582
2033123498911211697
2033065935427481933
2033028350487462240
2032788180018270274
2032755080748011867
2032640416596824216
2032116612917231676
2032037084773695609
2031359835799957915
2031016062368788719
2030976091016556725
2030289807218561461
2030289210834555206
2030276730284585072
2029787481378590880
2029462084254351639
2029213066588766658
2029130744946479327
2028803315254112321
2028595836373119037
2028368261826646093
2028124807506911698
2028083671782097082
2027915845549363481
2027516744299122979
2027493736985596215
2027382142142194089
2027281056790139087
2026616638892830984
2025454725370638486
2025168869045010526
2024800974632824999
2024448563334566131
2024249143758315908
2022991380453392815
2022836812721406234
2021936905789833248
2021749366135173553
2021510182946406752
2020054900609282329
2020052712650600808
2019934749339668594
2019684988325884290
2018268885003407375
2017448129629720637
2015787707877007778
2015217503816073470
2013914317364633695
2013223413880647689
2012854503247110293
2012723149918613658
2012515677920464921
2012500688178385077
2012295401232007256
2012140688943763818
2012140239595409704
2012004894304321749
2011772226694234549
2011412076384960576
2010854841082658972
2010854219084153261
2010711631030841763
2010664453776560211
2010662259115315677
2010647502069071901
2010624454498689359
2010323856083636342
2010154928896127400
2010136396573687950
2009951441482613240
2009599943087214807
2009547529231479293
2008884827437809936
2008557445845794852
2006549787227894112
2006313093161500894
2006294058881458531
2004581340327637203
2003783502224130099
2001856225777193090
2001659567793672512
2001616529574764836
2000086390848315851
1997075922298851365
1996189762903064583
1995387923043381735
1995118789910815214
1995095951179120692
1993928745456148542
1991847443454218265
1990800033084825911
1990755642081227172
1988455236999192795
1987175633416491113
1986786139534233785
1986411270141321505
1986021638648041947
1983870891546312971
1983660634287042700
1983479012476477510
1981701610922475721
1981260819091648584
1980926623810740527
1980595633863233613
1980545709863760005
1979137319761272890
1977675623863927005
1977673148779864072
1976995652136845810
1974436517256040460
1971866691971043468
1971196841804079434
1968964811619782794
1967919634721673347
1967065741477507196
1967017837215838446
1966506113462898760
1966473184217124883
1965760345429217656
1965748110539579437
1965383622296568012
1965034057680703632
1964688967225553210
1963905098092061129
1963903609256702283
1963521804368228582
1963197577551118621
1962799811834585490
1962156882254279021
1962110263047622902
1961736610715992172
1961388644004135209
1961039463599194428
1960998828167082412
1960996203996578016
1960655130354966530
1960306810231132526
1959938963508195677
1959514033880813600
1959134419446636758
1958833016622784950
1958817393859600462
1957719391770231059
1957452214857085222
1954390667620438245
1953258344367669279
1949082891541176645
1947488452041458078
1947164434951995798
1943553077279363129
1941445250901504051
1939207102704320538
1938602676427853829
1938589942076325918
1936384492920508559
1934891004404093299
1934632589849219363
1934199449628405997
1933873555076427782
1933859335358349501
1933533076854091881
1933448047134191735
1933302927164428357
1933157275767902354
1932826507279544413
1932074445088444778
1931987423573209256
1930961359753359464
1930836929207210269
1930591410811744647
1930526377868189840
1930235675846095085
1929885271270797616
1929451177286029541
1929157698739696046
1928446411240075316
1927326676024787295
1926880701154017477
1926153863721078860
1923938381689651203
1923356143629357222
1922277700393197921
1921455103317250267
1921391115338444806
1921135940887547908
1920860702681522381
1920777782050562503
1918670532179861577
1917835143043244168
1916467326322704774
1916107983043657897
1912438184593826233
1912101505320276305
1911323938044748263
1909600067990049046
1909587722173653304
1909216535341850764
1908814913977409778
1908086846279827633
1907393891378077819
1906999010843586609
